Am-241	59.6	35.9	1	1	1	1																
Ba-133	81	32.97	1	1	3	0.066727328	1	0.019563239	0.217288444	0.555959964	1.882013952	0.271155596										
Ba-133	160.6	0.645	2	0	3	3.410852713	51.11627907	1	11.10697674	28.41860465	96.20155039	13.86046512										
Ba-133	276.4	7.164	3	0	3	0.307091011	4.602177554	0.090033501	1	2.558626466	8.661362367	1.247906198										
Ba-133	302.84	18.33	4	1	3	0.120021822	1.798690671	0.035188216	0.390834697	1	3.385160938	0.487725041										
Ba-133	356.01	62.05	5	1	3	0.035455278	0.531345689	0.010394843	0.115455278	0.29540693	1	0.144077357										
Ba-133	384	8.94	6	0	3	0.246085011	3.687919463	0.072147651	0.801342282	2.05033557	6.940715884	1										
Cd-109	88.03	3.72	1	1	1	1																
Co-57	122.06	85.51	1	1	1	1	8.066981132															
Co-57	136.48	10.6	2	0	1	0.12396211	1															
Co-60	1173.2	99.86	1	1	2	1	0.99879976															
Co-60	1332.5	99.98	2	1	2	1.001201682	1															
Cr-51	320.1	9.92	1	0	0	1																
Cs-134	603.0	113.00	1	0	1	11.6284153	1															
Cs-134	796.4	94.22	2	1	1	1	0.085996241															
Cs-137	32.9	7.32	1	0	1	1	0.085996241															
Cs-137	661.65	85.12	2	1	1	11.6284153	1															
Eu-152	121.78	28.6	1	1	6	1	635.5555556	3.773087071	1.073976718	12.82511211	10.14184397	21.53614458	2.210200927	6.737338045	1.95890411	1.1171875	1.329614133					
Eu-152	169.4	0.045	2	0	6	0.001573427	1	0.005936675	0.001689824	0.020179372	0.015957447	0.033885542	0.003477589	0.010600707	0.003082192	0.001757813	0.00209205					
Eu-152	244.69	7.58	3	1	6	0.265034965	168.4444444	1	0.284641382	3.399103139	2.687943262	5.707831325	0.585780526	1.785630153	0.519178082	0.29609375	0.352394235					
Eu-152	344.43	26.63	4	0	6	0.931118881	591.7777778	3.513192612	1	11.94170404	9.443262411	20.05271084	2.057959815	6.273262662	1.823972603	1.040234375	1.238028824					
Eu-152	411.12	2.23	5	0	6	0.077972028	49.55555556	0.294195251	0.083740143	1	0.790780142	1.679216867	0.172333849	0.52532391	0.152739726	0.087109375	0.10367271					
Eu-152	443.97	2.82	6	0	6	0.098601399	62.66666667	0.372031662	0.105895606	1.264573991	1	2.123493976	0.217928903	0.664310954	0.193150685	0.11015625	0.131101813					
Eu-152	685.1	1.328	7	0	6	0.046433566	29.51111111	0.175197889	0.049868569	0.595515695	0.470921986	1	0.102627512	0.312838634	0.090958904	0.051875	0.061738726					
Eu-152	778.89	12.94	8	1	6	0.452447552	287.5555556	1.707124011	0.485918137	5.802690583	4.588652482	9.743975904	1	3.048292108	0.88630137	0.50546875	0.60158066					
Eu-152	867.4	4.245	9	0	6	0.148426573	94.33333333	0.560026385	0.159406684	1.903587444	1.505319149	3.196536145	0.32805255	1	0.290753425	0.165820313	0.19735007					
Eu-152	964	14.6	10	1	6	0.51048951	324.4444444	1.926121372	0.548253849	6.547085202	5.177304965	10.9939759	1.128284389	3.4393404	1	0.5703125	0.678754068					
Eu-152	1104.5	25.6	11	1	6	0.895104895	568.8888889	3.377308707	0.961321817	11.47982063	9.078014184	19.27710843	1.978361669	6.030624264	1.753424658	1	1.190144119					
Eu-152	1409.2	21.51	12	1	6	0.752097902	478	2.837730871	0.807735637	9.64573991	7.627659574	16.19728916	1.662287481	5.067137809	1.473287671	0.840234375	1					
F-18	511	193	1	0	0	1																
Fe-59	142.65	1.02	1	1	4	1	0.331168831	0.018053097	0.023611111													
Fe-59	192.4	3.08	2	1	4	3.019607843	1	0.054513274	0.071296296													
Fe-59	1099.3	56.5	3	1	4	55.39215686	18.34415584	1	1.30787037													
Fe-59	1291.6	43.2	4	1	4	42.35294118	14.02597403	0.76460177	1													
Ga-67	93.1	42.4	1	0	3	1	2	17.66666667	2.523809524	9.05982906												
Ga-67	184.6	21.2	2	1	3	0.5	1	8.833333333	1.261904762	4.52991453												
Ga-67	208.95	2.4	3	0	3	0.056603774	0.113207547	1	0.142857143	0.512820513												
Ga-67	300.22	16.8	4	1	3	0.396226415	0.79245283	7	1	3.58974359												
Ga-67	393.53	4.68	5	1	3	0.110377358	0.220754717	1.95	0.278571429	1												
I-123	28.05	86.65	1	1	2	1	1.040216086	62.29331416														
I-123	158.97	83.3	2	1	2	0.961338719	1	59.88497484														
I-123	528.96	1.391	3	0	2	0.016053087	0.016698679	1														
I-125	28.4	147	1	1	1	1																
I-131	80.19	2.62	1	0	1	1	0.426988266	0.032068543	0.365411437	1.476888388												
I-131	284.5	6.136	2	0	1	2.341984733	1	0.075104039	0.855788006	3.458850056												
I-131	364.5	81.7	3	1	1	31.18320611	13.3148631	1	11.39470014	46.05411499												
I-133	528.6	89	1	1	4	1	58.94039735	15.47826087	58.94039735	37.87234043												
I-133	706.6	1.51	2	1	4	0.016966292	1	0.262608696	1	0.642553191												
I-133	871.2	5.75	3	1	4	0.064606742	3.80794702	1	3.80794702	2.446808511												
I-133	1236.4	1.51	4	0	4	0.016966292	1	0.262608696	1	0.642553191												
I-133	1298.2	2.35	5	1	4	0.026404494	1.556291391	0.408695652	1.556291391	1												
In-111	23.635	82.3	1	1	2	1	0.90738699	0.874601488														
In-111	171.28	90.7	2	0	2	1.102065614	1	0.963868225														
In-111	245.35	94.1	3	1	2	1.143377886	1.037486218	1														
K-40	1461	10.7	1	1	1	1																
Mn-54	834.9	99.976	1	1	1	1																
Na-22	511	181.1	1	1	2	1	1.812087252															
Na-22	1274.5	99.94	2	1	2	0.551849807	1															
Ra-226	61.6	6.74	1	0	5	1	0.293043478	8.425	1.643902439	0.847798742	0.314953271	0.179255319	0.146203905	0.774712644	4.348387097	0.943977591	0.384045584	1.087096774	0.819951338	0.368306011	1.326771654	3.851428571
Ra-226	78.7	23	2	0	5	3.412462908	1	28.75	5.609756098	2.893081761	1.074766355	0.611702128	0.498915401	2.643678161	14.83870968	3.221288515	1.310541311	3.709677419	2.798053528	1.256830601	4.527559055	13.14285714
Ra-226	152.7	0.8	3	0	5	0.118694362	0.034782609	1	0.195121951	0.100628931	0.037383178	0.021276596	0.017353579	0.091954023	0.516129032	0.112044818	0.045584046	0.129032258	0.097323601	0.043715847	0.157480315	0.457142857
Ra-226	188	4.1	4	1	5	0.608308605	0.17826087	5.125	1	0.51572327	0.191588785	0.109042553	0.088937093	0.471264368	2.64516129	0.574229692	0.233618234	0.661290323	0.498783455	0.224043716	0.807086614	2.342857143
Ra-226	243.1	7.95	5	1	5	1.179525223	0.345652174	9.9375	1.93902439	1	0.371495327	0.21143617	0.172451193	0.913793103	5.129032258	1.113445378	0.452991453	1.282258065	0.967153285	0.43442623	1.56496063	4.542857143
Ra-226	294.8	21.4	6	1	5	3.175074184	0.930434783	26.75	5.219512195	2.691823899	1	0.569148936	0.464208243	2.459770115	13.80645161	2.99719888	1.219373219	3.451612903	2.603406326	1.169398907	4.212598425	12.22857143
Ra-226	352	37.6	7	1	5	5.578635015	1.634782609	47	9.170731707	4.729559748	1.757009346	1	0.815618221	4.32183908	24.25806452	5.266106443	2.142450142	6.064516129	4.574209246	2.054644809	7.401574803	21.48571429
Ra-226	609.3	46.1	8	1	5	6.839762611	2.004347826	57.625	11.24390244	5.798742138	2.154205607	1.22606383	1	5.298850575	29.74193548	6.456582633	2.626780627	7.435483871	5.608272506	2.519125683	9.07480315	26.34285714
Ra-226	780.6	8.7	9	0	5	1.290801187	0.37826087	10.875	2.12195122	1.094339623	0.406542056	0.231382979	0.188720174	1	5.612903226	1.218487395	0.495726496	1.403225806	1.058394161	0.475409836	1.712598425	4.971428571
Ra-226	810	1.55	10	0	5	0.229970326	0.067391304	1.9375	0.37804878	0.194968553	0.072429907	0.041223404	0.03362256	0.17816092	1	0.217086835	0.088319088	0.25	0.188564477	0.084699454	0.30511811	0.885714286
Ra-226	934	7.14	11	0	5	1.059347181	0.310434783	8.925	1.741463415	0.898113208	0.33364486	0.189893617	0.154880694	0.820689655	4.606451613	1	0.406837607	1.151612903	0.868613139	0.390163934	1.405511811	4.08
Ra-226	1115.3	17.55	12	1	5	2.603857567	0.763043478	21.9375	4.280487805	2.20754717	0.820093458	0.466755319	0.380694143	2.017241379	11.32258065	2.457983193	1	2.830645161	2.135036496	0.959016393	3.454724409	10.02857143
Ra-226	1235	6.2	13	0	5	0.919881306	0.269565217	7.75	1.512195122	0.779874214	0.289719626	0.164893617	0.134490239	0.712643678	4	0.868347339	0.353276353	1	0.754257908	0.338797814	1.220472441	3.542857143
Ra-226	1390	8.22	14	0	5	1.21958457	0.357391304	10.275	2.004878049	1.033962264	0.38411215	0.218617021	0.178308026	0.944827586	5.303225806	1.151260504	0.468376068	1.325806452	1	0.449180328	1.618110236	4.697142857
Ra-226	1759.4	18.3	15	1	5	2.715133531	0.795652174	22.875	4.463414634	2.301886792	0.855140187	0.486702128	0.396963124	2.103448276	11.80645161	2.56302521	1.042735043	2.951612903	2.226277372	1	3.602362205	10.45714286
Ra-226	2204	5.08	16	0	5	0.753709199	0.220869565	6.35	1.23902439	0.638993711	0.237383178	0.135106383	0.110195228	0.583908046	3.277419355	0.711484594	0.289458689	0.819354839	0.618004866	0.277595628	1	2.902857143
Ra-226	2443	1.75	17	0	5	0.259643917	0.076086957	2.1875	0.426829268	0.220125786	0.081775701	0.046542553	0.037960954	0.201149425	1.129032258	0.245098039	0.0997151	0.282258065	0.212895377	0.095628415	0.344488189	1
Sn-113	255.1	2.11	1	0	1	1	0.032461538															
Sn-113	391.7	65	2	1	1	30.8056872	1															
Tc-99m	18.7	7.32	1	0	1	1	0.082154882															
Tc-99m	140.51	89.1	2	1	1	12.17213115	1															
Th-228	84	34.6	1	1	5	1	14.29752066	28.83333333	0.729957806	6.038394415	2.023391813	16.7961165	188.0434783	3.887640449	1.149501661	5.103244838	11.12540193	4.402035623	0.979614949			
Th-228	129.1	2.42	2	0	5	0.069942197	1	2.016666667	0.051054852	0.422338569	0.141520468	1.174757282	13.15217391	0.271910112	0.080398671	0.356932153	0.778135048	0.307888041	0.068516421			
Th-228	151.7	1.2	3	0	5	0.034682081	0.495867769	1	0.025316456	0.209424084	0.070175439	0.582524272	6.52173913	0.134831461	0.03986711	0.17699115	0.38585209	0.152671756	0.033975085			
Th-228	238.8	47.4	4	1	5	1.369942197	19.58677686	39.5	1	8.272251309	2.771929825	23.00970874	257.6086957	5.325842697	1.574750831	6.991150442	15.24115756	6.030534351	1.342015855			
Th-228	273.1	5.73	5	0	5	0.165606936	2.367768595	4.775	0.120886076	1	0.335087719	2.781553398	31.14130435	0.643820225	0.190365449	0.845132743	1.84244373	0.729007634	0.162231031			
Th-228	345	17.1	6	0	5	0.494219653	7.066115702	14.25	0.360759494	2.984293194	1	8.300970874	92.93478261	1.921348315	0.568106312	2.522123894	5.498392283	2.175572519	0.48414496			
Th-228	410	2.06	7	0	5	0.059537572	0.851239669	1.716666667	0.043459916	0.359511344	0.120467836	1	11.19565217	0.231460674	0.068438538	0.303834808	0.662379421	0.262086514	0.058323896			
Th-228	443.7	0.184	8	0	5	0.005317919	0.076033058	0.153333333	0.003881857	0.032111693	0.010760234	0.089320388	1	0.020674157	0.006112957	0.027138643	0.059163987	0.023409669	0.005209513			
Th-228	511	8.9	9	0	5	0.257225434	3.67768595	7.416666667	0.187763713	1.553228621	0.520467836	4.32038835	48.36956522	1	0.295681063	1.312684366	2.861736334	1.132315522	0.25198188			
Th-228	583.2	30.1	10	1	5	0.869942197	12.43801653	25.08333333	0.635021097	5.253054101	1.760233918	14.61165049	163.5869565	3.382022472	1	4.439528024	9.678456592	3.829516539	0.852208381			
Th-228	727.3	6.78	11	0	5	0.195953757	2.801652893	5.65	0.143037975	1.183246073	0.396491228	3.291262136	36.84782609	0.761797753	0.225249169	1	2.180064309	0.86259542	0.19195923			
Th-228	836	3.11	12	0	5	0.089884393	1.285123967	2.591666667	0.065611814	0.542757417	0.181871345	1.509708738	16.90217391	0.349438202	0.103322259	0.458702065	1	0.3956743	0.088052095			
Th-228	1596	7.86	13	1	5	0.22716763	3.247933884	6.55	0.165822785	1.371727749	0.459649123	3.815533981	42.7173913	0.883146067	0.261129568	1.159292035	2.52733119	1	0.222536806			
Th-228	2614.5	35.32	14	1	5	1.020809249	14.59504132	29.43333333	0.745147679	6.164048866	2.065497076	17.14563107	191.9565217	3.968539326	1.173421927	5.209439528	11.35691318	4.493638677	1			
Tl-201	72.3	94.1	1	1	2	1	36.61478599	9.261811024														
Tl-201	135.3	2.57	2	0	2	0.027311371	1	0.252952756														
Tl-201	167.1	10.16	3	1	2	0.107970244	3.953307393	1														
Y-88	898	93.7	1	1	2	1	1.004287245															
Y-88	1836	93.3	2	1	2	0.995731057	1															
Zn-65	511	2.84	1	0	1	1	0.056126482															
Zn-65	1115.5	50.6	2	1	1	17.81690141	1															
