0.000000
0.000000
0.000000
0.000000
0.000000
2.100000
5.300000
8.400000
11.500000
14.700000
17.799999
20.900000
24.100000
27.200001
30.299999
33.500000
36.599998
39.700001
42.900002
46.000000
49.099998
52.299999
55.400002
59.500000
61.200001
63.299999
65.699997
68.400002
71.300003
74.400002
77.599998
81.000000
84.500000
88.000000
91.500000
95.099998
98.599998
102.099998
105.599998
109.099998
112.400002
115.800003
119.000000
122.199997
125.199997
128.199997
131.000000
133.800003
136.500000
139.100006
141.699997
144.199997
146.699997
149.100006
151.500000
153.899994
156.300003
158.699997
161.100006
163.500000
165.899994
168.399994
170.800003
173.300003
175.899994
178.500000
181.100006
183.699997
186.300003
189.000000
191.699997
194.500000
197.199997
200.000000
202.800003
205.600006
208.500000
211.300003
214.199997
217.199997
220.100006
223.100006
226.000000
229.000000
232.000000
235.100006
238.100006
241.199997
244.300003
247.399994
250.500000
253.600006
256.799988
259.899994
263.100006
266.299988
269.500000
272.700012
275.899994
279.200012
282.399994
285.700012
288.899994
292.200012
295.500000
298.799988
302.100006
305.399994
308.700012
312.000000
315.299988
318.600006
321.899994
325.299988
328.600006
331.899994
335.299988
338.600006
341.899994
345.299988
348.600006
351.899994
355.299988
358.600006
361.899994
365.299988
368.600006
371.899994
375.200012
378.500000
381.799988
385.100006
388.399994
391.700012
395.000000
398.200012
401.500000
404.799988
408.000000
411.200012
414.500000
417.700012
420.899994
424.100006
427.299988
430.500000
433.700012
436.899994
440.100006
443.200012
446.399994
449.600006
452.700012
455.899994
459.000000
462.200012
465.299988
468.399994
471.600006
474.700012
477.799988
480.899994
484.000000
487.100006
490.200012
493.299988
496.399994
499.500000
502.600006
505.700012
508.700012
511.799988
514.900024
518.000000
521.000000
524.099976
527.200012
530.200012
533.299988
536.400024
539.400024
542.500000
545.500000
548.599976
551.599976
554.700012
557.700012
560.799988
563.799988
566.900024
569.900024
572.900024
576.000000
579.000000
582.099976
585.099976
588.200012
591.200012
594.299988
597.299988
600.400024
603.400024
606.500000
609.500000
612.599976
615.599976
618.700012
621.700012
624.799988
627.900024
630.900024
634.000000
637.000000
640.099976
643.200012
646.299988
649.299988
652.400024
655.500000
658.599976
661.700012
664.799988
667.900024
671.000000
674.099976
677.200012
680.299988
683.400024
686.599976
689.700012
692.799988
695.900024
699.099976
702.200012
705.299988
708.500000
711.599976
714.799988
717.900024
721.000000
724.200012
727.299988
730.500000
733.599976
736.799988
739.900024
743.099976
746.299988
749.400024
752.599976
755.700012
758.900024
762.099976
765.200012
768.400024
771.599976
774.700012
777.900024
781.099976
784.200012
787.400024
790.500000
793.700012
796.900024
800.000000
803.200012
806.400024
809.500000
812.700012
815.900024
819.000000
822.200012
825.299988
828.500000
831.599976
834.799988
838.000000
841.099976
844.299988
847.400024
850.599976
853.700012
856.799988
860.000000
863.099976
866.299988
869.400024
872.500000
875.700012
878.799988
882.000000
885.099976
888.200012
891.400024
894.500000
897.599976
900.700012
903.900024
907.000000
910.099976
913.200012
916.400024
919.500000
922.599976
925.700012
928.900024
932.000000
935.099976
938.200012
941.299988
944.500000
947.599976
950.700012
953.799988
956.900024
960.000000
963.099976
966.299988
969.400024
972.500000
975.599976
978.700012
981.799988
984.900024
988.000000
991.200012
994.299988
997.400024
1000.500000
1003.599976
1006.700012
1009.799988
1012.900024
1016.000000
1019.099976
1022.200012
1025.400024
1028.500000
1031.599976
1034.699951
1037.800049
1040.900024
1044.000000
1047.099976
1050.199951
1053.300049
1056.400024
1059.599976
1062.699951
1065.800049
1068.900024
1072.000000
1075.099976
1078.199951
1081.300049
1084.400024
1087.599976
1090.699951
1093.800049
1096.900024
1100.000000
1103.099976
1106.199951
1109.400024
1112.500000
1115.599976
1118.699951
1121.800049
1125.000000
1128.099976
1131.199951
1134.300049
1137.500000
1140.599976
1143.699951
1146.800049
1150.000000
1153.099976
1156.199951
1159.400024
1162.500000
1165.699951
1168.800049
1171.900024
1175.099976
1178.199951
1181.400024
1184.599976
1187.699951
1190.900024
1194.099976
1197.199951
1200.400024
1203.599976
1206.800049
1209.900024
1213.099976
1216.300049
1219.500000
1222.699951
1225.900024
1229.099976
1232.300049
1235.599976
1238.800049
1242.000000
1245.300049
1248.500000
1251.699951
1255.000000
1258.199951
1261.500000
1264.800049
1268.000000
1271.300049
1274.599976
1277.900024
1281.199951
1284.500000
1287.800049
1291.099976
1294.400024
1297.699951
1301.099976
1304.400024
1307.699951
1311.099976
1314.400024
1317.699951
1321.099976
1324.400024
1327.800049
1331.099976
1334.500000
1337.800049
1341.199951
1344.500000
1347.900024
1351.199951
1354.599976
1357.900024
1361.300049
1364.599976
1368.000000
1371.300049
1374.699951
1378.000000
1381.400024
1384.699951
1388.099976
1391.400024
1394.699951
1398.000000
1401.400024
1404.699951
1408.000000
1411.300049
1414.599976
1417.900024
1421.199951
1424.500000
1427.800049
1431.099976
1434.300049
1437.599976
1440.900024
1444.099976
1447.400024
1450.699951
1453.900024
1457.199951
1460.400024
1463.599976
1466.900024
1470.099976
1473.300049
1476.599976
1479.800049
1483.000000
1486.199951
1489.400024
1492.599976
1495.800049
1499.000000
1502.199951
1505.400024
1508.599976
1511.800049
1514.900024
1518.099976
1521.300049
1524.500000
1527.599976
1530.800049
1534.000000
1537.099976
1540.300049
1543.400024
1546.599976
1549.699951
1552.900024
1556.000000
1559.099976
1562.300049
1565.400024
1568.500000
1571.699951
1574.800049
1577.900024
1581.000000
1584.099976
1587.300049
1590.400024
1593.500000
1596.599976
1599.699951
1602.800049
1605.900024
1609.000000
1612.099976
1615.199951
1618.300049
1621.400024
1624.500000
1627.599976
1630.699951
1633.800049
1636.800049
1639.900024
1643.000000
1646.099976
1649.199951
1652.199951
1655.300049
1658.400024
1661.500000
1664.500000
1667.599976
1670.699951
1673.699951
1676.800049
1679.900024
1682.900024
1686.000000
1689.099976
1692.099976
1695.199951
1698.300049
1701.300049
1704.400024
1707.500000
1710.500000
1713.599976
1716.599976
1719.699951
1722.699951
1725.800049
1728.900024
1731.900024
1735.000000
1738.000000
1741.099976
1744.199951
1747.199951
1750.300049
1753.300049
1756.400024
1759.400024
1762.500000
1765.599976
1768.599976
1771.699951
1774.699951
1777.800049
1780.900024
1783.900024
1787.000000
1790.000000
1793.099976
1796.199951
1799.199951
1802.300049
1805.400024
1808.400024
1811.500000
1814.599976
1817.599976
1820.699951
1823.800049
1826.900024
1829.900024
1833.000000
1836.099976
1839.199951
1842.300049
1845.300049
1848.400024
1851.500000
1854.599976
1857.699951
1860.800049
1863.900024
1867.000000
1870.099976
1873.099976
1876.199951
1879.300049
1882.400024
1885.500000
1888.599976
1891.699951
1894.800049
1897.900024
1901.099976
1904.199951
1907.300049
1910.400024
1913.500000
1916.599976
1919.699951
1922.800049
1925.900024
1929.099976
1932.199951
1935.300049
1938.400024
1941.500000
1944.699951
1947.800049
1950.900024
1954.000000
1957.199951
1960.300049
1963.400024
1966.500000
1969.699951
1972.800049
1975.900024
1979.099976
1982.199951
1985.300049
1988.500000
1991.599976
1994.699951
1997.900024
2001.000000
2004.199951
2007.300049
2010.400024
2013.599976
2016.699951
2019.900024
2023.000000
2026.199951
2029.300049
2032.500000
2035.599976
2038.800049
2041.900024
2045.099976
2048.199951
2051.399902
2054.500000
2057.699951
2060.899902
2064.000000
2067.199951
2070.300049
2073.500000
2076.600098
2079.800049
2083.000000
2086.100098
2089.300049
2092.500000
2095.600098
2098.800049
2102.000000
2105.100098
2108.300049
2111.500000
2114.600098
2117.800049
2121.000000
2124.100098
2127.300049
2130.500000
2133.600098
2136.800049
2140.000000
2143.199951
2146.300049
2149.500000
2152.699951
2155.899902
2159.000000
2162.199951
2165.399902
2168.600098
2171.800049
2174.899902
2178.100098
2181.300049
2184.500000
2187.699951
2190.800049
2194.000000
2197.199951
2200.399902
2203.600098
2206.800049
2209.899902
2213.100098
2216.300049
2219.500000
2222.699951
2225.899902
2229.000000
2232.199951
2235.399902
2238.600098
2241.800049
2245.000000
2248.199951
2251.399902
2254.500000
2257.699951
2260.899902
2264.100098
2267.300049
2270.500000
2273.699951
2276.899902
2280.100098
2283.300049
2286.399902
2289.600098
2292.800049
2296.000000
2299.199951
2302.399902
2305.600098
2308.800049
2312.000000
2315.199951
2318.399902
2321.600098
2324.699951
2327.899902
2331.100098
2334.300049
2337.500000
2340.699951
2343.899902
2347.100098
2350.300049
2353.500000
2356.699951
2359.899902
2363.100098
2366.300049
2369.399902
2372.600098
2375.800049
2379.000000
2382.199951
2385.399902
2388.600098
2391.800049
2395.000000
2398.199951
2401.399902
2404.600098
2407.699951
2410.899902
2414.100098
2417.300049
2420.500000
2423.699951
2426.899902
2430.100098
2433.300049
2436.500000
2439.699951
2442.800049
2446.000000
2449.199951
2452.399902
2455.600098
2458.800049
2462.000000
2465.199951
2468.300049
2471.500000
2474.699951
2477.899902
2481.100098
2484.300049
2487.500000
2490.699951
2493.800049
2497.000000
2500.199951
2503.399902
2506.600098
2509.800049
2512.899902
2516.100098
2519.300049
2522.500000
2525.699951
2528.800049
2532.000000
2535.199951
2538.399902
2541.600098
2544.699951
2547.899902
2551.100098
2554.300049
2557.399902
2560.600098
2563.800049
2567.000000
2570.100098
2573.300049
2576.500000
2579.699951
2582.800049
2586.000000
2589.199951
2592.300049
2595.500000
2598.699951
2601.800049
2605.000000
2608.199951
2611.300049
2613.699951
2616.800049
2620.000000
2623.199951
2626.300049
2629.500000
2632.600098
2635.800049
2638.899902
2642.100098
2645.199951
2648.399902
2651.500000
2654.699951
2657.800049
2661.000000
2664.100098
2667.300049
2670.399902
2673.600098
2676.699951
2679.899902
2683.000000
2686.199951
2689.300049
2692.500000
2695.600098
2698.800049
2701.899902
2705.100098
2708.199951
2711.399902
2714.600098
2717.699951
2720.899902
2724.000000
2727.199951
2730.300049
2733.500000
2736.600098
2739.800049
2742.899902
2746.100098
2749.199951
2752.399902
2755.500000
2758.699951
2761.800049
2765.000000
2768.100098
2771.300049
2774.399902
2777.600098
2780.699951
2783.899902
2787.000000
2790.199951
2793.300049
2796.500000
2799.699951
2802.800049
2806.000000
2809.100098
2812.300049
2815.399902
2818.600098
2821.699951
2824.899902
2828.000000
2831.199951
2834.300049
2837.500000
2840.600098
2843.800049
2846.899902
2850.100098
2853.199951
2856.399902
2859.500000
2862.699951
2865.800049
2869.000000
2872.100098
2875.300049
2878.399902
2881.600098
2884.699951
2887.899902
2891.100098
2894.199951
2897.399902
2900.500000
2903.699951
2906.800049
2910.000000
2913.100098
2916.300049
2919.399902
2922.600098
2925.699951
2928.899902
2932.000000
2935.199951
2938.300049
2941.500000
2944.600098
2947.800049
2950.899902
2954.100098
2957.199951
2960.399902
2963.500000
2966.699951
2969.800049
2973.000000
2976.199951
2979.300049
2982.500000
2985.600098
2988.800049
2991.899902
2995.100098
2998.199951
3001.399902
3004.500000
3007.699951
3010.800049
3014.000000
3017.100098
3020.300049
3023.399902
3026.600098
3029.699951
3032.899902
3036.000000
3039.199951
3042.300049
3045.500000
3048.600098
3051.800049
3054.899902
3058.100098
3061.300049
3064.399902
3067.600098
3070.699951
3073.899902
3077.000000
3080.199951
3083.300049
3086.500000
3089.600098
3092.800049
3095.899902
3099.100098
3102.199951
3105.399902
3108.500000
3111.699951
3114.800049
3118.000000
3121.100098
3124.300049
3127.399902
3130.600098
3133.699951
3136.899902
3140.000000
3143.199951
3146.300049
3149.500000
3152.699951
3155.800049
3159.000000
3162.100098
3165.300049
3168.399902
3171.600098
3174.699951
3177.899902
3181.000000
3184.199951
3187.300049
3190.500000
3193.600098
3196.800049