Points
59.5	50.00
88.0	56.40
123.0	56.70
165.9	51.60
391.7	27.90
661.7	16.40
834.8	13.00
1115.5	9.60
1274.5	8.30
1408.0	7.70
1836.0	6.10
2614.5	4.40
Line
0.0
1.8
3.8
5.8
8.0
10.3
12.6
15.0
17.5
19.9
22.4
24.9
27.4
29.9
32.3
34.7
37.0
39.2
41.4
43.4
45.3
47.0
48.6
50.0
51.2
52.3
53.2
54.0
54.6
55.1
55.5
55.9
56.2
56.4
56.6
56.7
56.8
56.9
57.0
57.0
57.0
56.9
56.8
56.7
56.6
56.4
56.2
56.0
55.7
55.4
55.1
54.8
54.5
54.2
53.8
53.5
53.1
52.7
52.4
52.0
51.6
51.2
50.8
50.5
50.1
49.7
49.3
48.9
48.6
48.2
47.8
47.5
47.1
46.7
46.3
46.0
45.6
45.2
44.9
44.5
44.2
43.8
43.4
43.1
42.7
42.4
42.0
41.7
41.3
41.0
40.6
40.3
39.9
39.6
39.3
38.9
38.6
38.3
37.9
37.6
37.3
36.9
36.6
36.3
36.0
35.7
35.4
35.0
34.7
34.4
34.1
33.8
33.5
33.2
32.9
32.6
32.4
32.1
31.8
31.5
31.2
31.0
30.7
30.4
30.1
29.9
29.6
29.4
29.1
28.9
28.6
28.4
28.1
27.9
27.7
27.4
27.2
27.0
26.8
26.5
26.3
26.1
25.9
25.7
25.5
25.3
25.1
24.9
24.7
24.5
24.4
24.2
24.0
23.8
23.7
23.5
23.3
23.1
23.0
22.8
22.7
22.5
22.4
22.2
22.1
21.9
21.8
21.6
21.5
21.3
21.2
21.1
20.9
20.8
20.7
20.6
20.4
20.3
20.2
20.1
20.0
19.9
19.7
19.6
19.5
19.4
19.3
19.2
19.1
19.0
18.9
18.8
18.7
18.6
18.5
18.4
18.3
18.2
18.1
18.1
18.0
17.9
17.8
17.7
17.6
17.5
17.5
17.4
17.3
17.2
17.1
17.1
17.0
16.9
16.8
16.8
16.7
16.6
16.5
16.5
16.4
16.3
16.3
16.2
16.1
16.0
16.0
15.9
15.8
15.8
15.7
15.6
15.6
15.5
15.4
15.4
15.3
15.2
15.2
15.1
15.0
15.0
14.9
14.8
14.8
14.7
14.6
14.6
14.5
14.5
14.4
14.3
14.3
14.2
14.2
14.1
14.0
14.0
13.9
13.9
13.8
13.8
13.7
13.6
13.6
13.5
13.5
13.4
13.4
13.3
13.3
13.2
13.2
13.1
13.1
13.0
12.9
12.9
12.8
12.8
12.8
12.7
12.7
12.6
12.6
12.5
12.5
12.4
12.4
12.3
12.3
12.2
12.2
12.1
12.1
12.1
12.0
12.0
11.9
11.9
11.8
11.8
11.8
11.7
11.7
11.6
11.6
11.6
11.5
11.5
11.4
11.4
11.4
11.3
11.3
11.2
11.2
11.2
11.1
11.1
11.1
11.0
11.0
11.0
10.9
10.9
10.8
10.8
10.8
10.7
10.7
10.7
10.6
10.6
10.6
10.5
10.5
10.5
10.4
10.4
10.4
10.3
10.3
10.3
10.2
10.2
10.2
10.2
10.1
10.1
10.1
10.0
10.0
10.0
9.9
9.9
9.9
9.8
9.8
9.8
9.8
9.7
9.7
9.7
9.6
9.6
9.6
9.5
9.5
9.5
9.5
9.4
9.4
9.4
9.3
9.3
9.3
9.2
9.2
9.2
9.2
9.1
9.1
9.1
9.0
9.0
9.0
9.0
8.9
8.9
8.9
8.9
8.8
8.8
8.8
8.8
8.7
8.7
8.7
8.7
8.6
8.6
8.6
8.6
8.5
8.5
8.5
8.5
8.4
8.4
8.4
8.4
8.4
8.3
8.3
8.3
8.3
8.3
8.2
8.2
8.2
8.2
8.2
8.2
8.1
8.1
8.1
8.1
8.1
8.1
8.0
8.0
8.0
8.0
8.0
8.0
8.0
7.9
7.9
7.9
7.9
7.9
7.9
7.9
7.8
7.8
7.8
7.8
7.8
7.8
7.8
7.8
7.7
7.7
7.7
7.7
7.7
7.7
7.7
7.6
7.6
7.6
7.6
7.6
7.6
7.6
7.6
7.5
7.5
7.5
7.5
7.5
7.5
7.5
7.5
7.4
7.4
7.4
7.4
7.4
7.4
7.4
7.4
7.3
7.3
7.3
7.3
7.3
7.3
7.3
7.3
7.2
7.2
7.2
7.2
7.2
7.2
7.2
7.2
7.1
7.1
7.1
7.1
7.1
7.1
7.1
7.1
7.0
7.0
7.0
7.0
7.0
7.0
7.0
7.0
7.0
6.9
6.9
6.9
6.9
6.9
6.9
6.9
6.9
6.8
6.8
6.8
6.8
6.8
6.8
6.8
6.8
6.8
6.7
6.7
6.7
6.7
6.7
6.7
6.7
6.7
6.6
6.6
6.6
6.6
6.6
6.6
6.6
6.6
6.6
6.5
6.5
6.5
6.5
6.5
6.5
6.5
6.5
6.5
6.4
6.4
6.4
6.4
6.4
6.4
6.4
6.4
6.4
6.3
6.3
6.3
6.3
6.3
6.3
6.3
6.3
6.3
6.3
6.2
6.2
6.2
6.2
6.2
6.2
6.2
6.2
6.2
6.1
6.1
6.1
6.1
6.1
6.1
6.1
6.1
6.1
6.1
6.1
6.0
6.0
6.0
6.0
6.0
6.0
6.0
6.0
6.0
6.0
5.9
5.9
5.9
5.9
5.9
5.9
5.9
5.9
5.9
5.9
5.9
5.9
5.8
5.8
5.8
5.8
5.8
5.8
5.8
5.8
5.8
5.8
5.8
5.7
5.7
5.7
5.7
5.7
5.7
5.7
5.7
5.7
5.7
5.7
5.7
5.7
5.6
5.6
5.6
5.6
5.6
5.6
5.6
5.6
5.6
5.6
5.6
5.6
5.6
5.5
5.5
5.5
5.5
5.5
5.5
5.5
5.5
5.5
5.5
5.5
5.5
5.5
5.4
5.4
5.4
5.4
5.4
5.4
5.4
5.4
5.4
5.4
5.4
5.4
5.4
5.4
5.3
5.3
5.3
5.3
5.3
5.3
5.3
5.3
5.3
5.3
5.3
5.3
5.3
5.3
5.3
5.2
5.2
5.2
5.2
5.2
5.2
5.2
5.2
5.2
5.2
5.2
5.2
5.2
5.2
5.2
5.1
5.1
5.1
5.1
5.1
5.1
5.1
5.1
5.1
5.1
5.1
5.1
5.1
5.1
5.1
5.1
5.0
5.0
5.0
5.0
5.0
5.0
5.0
5.0
5.0
5.0
5.0
5.0
5.0
5.0
5.0
5.0
5.0
4.9
4.9
4.9
4.9
4.9
4.9
4.9
4.9
4.9
4.9
4.9
4.9
4.9
4.9
4.9
4.9
4.9
4.8
4.8
4.8
4.8
4.8
4.8
4.8
4.8
4.8
4.8
4.8
4.8
4.8
4.8
4.8
4.8
4.8
4.7
4.7
4.7
4.7
4.7
4.7
4.7
4.7
4.7
4.7
4.7
4.7
4.7
4.7
4.7
4.7
4.6
4.6
4.6
4.6
4.6
4.6
4.6
4.6
4.6
4.6
4.6
4.6
4.6
4.6
4.6
4.6
4.6
4.5
4.5
4.5
4.5
4.5
4.5
4.5
4.5
4.5
4.5
4.5
4.5
4.5
4.5
4.5
4.5
4.4
4.4
4.4
4.4
4.4
4.4
4.4
4.4
4.4
4.4
4.4
4.4
4.4
4.4
4.4
4.4
4.3
4.3
4.3
4.3
4.3
4.3
4.3
4.3
4.3
4.3
4.3
4.3
4.3
4.3
4.3
4.3
4.2
4.2
4.2
4.2
4.2
4.2
4.2
4.2
4.2
4.2
4.2
4.2
4.2
4.2
4.2
4.1
4.1
4.1
4.1
4.1
4.1
4.1
4.1
4.1
4.1
4.1
4.1
4.1
4.1
4.1
4.0
4.0
4.0
4.0
4.0
4.0
4.0
4.0
4.0
4.0
4.0
4.0
4.0
4.0
3.9
3.9
3.9
3.9
3.9
3.9
3.9
3.9
3.9
3.9
3.9
3.9
3.9
3.9
3.8
3.8
3.8
3.8
3.8
3.8
3.8
3.8
3.8
3.8
3.8
3.8
3.8
3.8
3.8
3.7
3.7
3.7
3.7
3.7
3.7
3.7
3.7
3.7
3.7
3.7
3.7
3.7
3.7
3.6
3.6
3.6
3.6
3.6
3.6
3.6
3.6
3.6
3.6
3.6
3.6
3.6
3.6
3.5
3.5
3.5
3.5
3.5
3.5
3.5
3.5
3.5
3.5
3.5
3.5
3.5
3.5
3.4
3.4
3.4
3.4
3.4
3.4
3.4
3.4
3.4
3.4
3.4
3.4
3.4
3.4
3.3
3.3
3.3
3.3
3.3
3.3
3.3
3.3
3.3
3.3
3.3
3.3
3.3
3.3
3.2
3.2
3.2
3.2
3.2
3.2
3.2
3.2
3.2
3.2
3.2
3.2
3.2
3.2
3.1
3.1
3.1
3.1
3.1