Points
59.5	19.30
88.0	62.00
123.7	76.20
165.9	76.10
391.7	51.70
661.7	28.80
834.8	22.70
1115.5	17.80
1274.5	16.00
1408.0	14.60
1836.1	11.40
2614.5	7.20
Line
0.0
0.6
1.0
1.2
1.3
1.3
1.3
1.2
1.1
1.1
1.1
1.1
1.3
1.7
2.2
2.9
3.8
5.0
6.5
8.3
10.5
13.0
15.9
19.3
23.1
27.3
31.7
36.4
41.0
45.7
50.2
54.5
58.5
62.0
65.0
67.6
69.7
71.4
72.8
73.9
74.7
75.3
75.8
76.2
76.5
76.8
77.0
77.1
77.2
77.3
77.3
77.3
77.3
77.2
77.1
77.0
76.8
76.7
76.5
76.3
76.1
75.9
75.7
75.5
75.2
75.0
74.7
74.5
74.3
74.0
73.7
73.5
73.2
72.9
72.6
72.4
72.1
71.8
71.5
71.2
70.9
70.5
70.2
69.9
69.6
69.3
68.9
68.6
68.3
67.9
67.6
67.2
66.9
66.5
66.2
65.8
65.5
65.1
64.8
64.4
64.0
63.7
63.3
62.9
62.5
62.2
61.8
61.4
61.0
60.7
60.3
59.9
59.5
59.2
58.8
58.4
58.0
57.6
57.3
56.9
56.5
56.1
55.8
55.4
55.0
54.6
54.3
53.9
53.5
53.2
52.8
52.4
52.1
51.7
51.3
51.0
50.6
50.3
49.9
49.6
49.2
48.9
48.5
48.2
47.9
47.5
47.2
46.9
46.5
46.2
45.9
45.6
45.3
44.9
44.6
44.3
44.0
43.7
43.4
43.1
42.8
42.5
42.2
41.9
41.6
41.3
41.0
40.7
40.4
40.1
39.9
39.6
39.3
39.0
38.8
38.5
38.2
38.0
37.7
37.4
37.2
36.9
36.7
36.4
36.2
35.9
35.7
35.4
35.2
35.0
34.7
34.5
34.3
34.0
33.8
33.6
33.4
33.2
32.9
32.7
32.5
32.3
32.1
31.9
31.7
31.5
31.3
31.1
30.9
30.7
30.5
30.4
30.2
30.0
29.8
29.6
29.5
29.3
29.1
29.0
28.8
28.6
28.5
28.3
28.2
28.0
27.9
27.7
27.6
27.4
27.3
27.2
27.0
26.9
26.8
26.6
26.5
26.4
26.3
26.1
26.0
25.9
25.8
25.7
25.5
25.4
25.3
25.2
25.1
25.0
24.9
24.8
24.7
24.6
24.5
24.4
24.3
24.2
24.1
24.0
23.9
23.9
23.8
23.7
23.6
23.5
23.4
23.3
23.3
23.2
23.1
23.0
22.9
22.9
22.8
22.7
22.6
22.5
22.5
22.4
22.3
22.3
22.2
22.1
22.0
22.0
21.9
21.8
21.8
21.7
21.6
21.6
21.5
21.4
21.4
21.3
21.2
21.2
21.1
21.0
21.0
20.9
20.8
20.8
20.7
20.7
20.6
20.5
20.5
20.4
20.4
20.3
20.3
20.2
20.1
20.1
20.0
20.0
19.9
19.9
19.8
19.8
19.7
19.7
19.6
19.6
19.5
19.5
19.4
19.4
19.3
19.3
19.2
19.2
19.1
19.1
19.0
19.0
18.9
18.9
18.8
18.8
18.8
18.7
18.7
18.6
18.6
18.5
18.5
18.4
18.4
18.4
18.3
18.3
18.2
18.2
18.2
18.1
18.1
18.0
18.0
18.0
17.9
17.9
17.8
17.8
17.8
17.7
17.7
17.6
17.6
17.6
17.5
17.5
17.5
17.4
17.4
17.3
17.3
17.3
17.2
17.2
17.2
17.1
17.1
17.1
17.0
17.0
17.0
16.9
16.9
16.8
16.8
16.8
16.7
16.7
16.7
16.6
16.6
16.6
16.5
16.5
16.5
16.4
16.4
16.4
16.3
16.3
16.2
16.2
16.2
16.1
16.1
16.1
16.0
16.0
16.0
15.9
15.9
15.9
15.8
15.8
15.8
15.7
15.7
15.6
15.6
15.6
15.5
15.5
15.5
15.4
15.4
15.4
15.3
15.3
15.3
15.2
15.2
15.1
15.1
15.1
15.0
15.0
15.0
14.9
14.9
14.9
14.8
14.8
14.8
14.7
14.7
14.7
14.6
14.6
14.6
14.5
14.5
14.5
14.4
14.4
14.4
14.3
14.3
14.3
14.3
14.2
14.2
14.2
14.1
14.1
14.1
14.0
14.0
14.0
14.0
13.9
13.9
13.9
13.8
13.8
13.8
13.8
13.7
13.7
13.7
13.6
13.6
13.6
13.6
13.5
13.5
13.5
13.5
13.4
13.4
13.4
13.4
13.3
13.3
13.3
13.3
13.2
13.2
13.2
13.2
13.1
13.1
13.1
13.1
13.0
13.0
13.0
13.0
12.9
12.9
12.9
12.9
12.9
12.8
12.8
12.8
12.8
12.7
12.7
12.7
12.7
12.6
12.6
12.6
12.6
12.6
12.5
12.5
12.5
12.5
12.5
12.4
12.4
12.4
12.4
12.4
12.3
12.3
12.3
12.3
12.3
12.2
12.2
12.2
12.2
12.2
12.1
12.1
12.1
12.1
12.1
12.0
12.0
12.0
12.0
12.0
11.9
11.9
11.9
11.9
11.9
11.8
11.8
11.8
11.8
11.8
11.7
11.7
11.7
11.7
11.7
11.7
11.6
11.6
11.6
11.6
11.6
11.5
11.5
11.5
11.5
11.5
11.5
11.4
11.4
11.4
11.4
11.4
11.3
11.3
11.3
11.3
11.3
11.3
11.2
11.2
11.2
11.2
11.2
11.1
11.1
11.1
11.1
11.1
11.1
11.0
11.0
11.0
11.0
11.0
11.0
10.9
10.9
10.9
10.9
10.9
10.8
10.8
10.8
10.8
10.8
10.8
10.7
10.7
10.7
10.7
10.7
10.7
10.6
10.6
10.6
10.6
10.6
10.5
10.5
10.5
10.5
10.5
10.5
10.4
10.4
10.4
10.4
10.4
10.4
10.3
10.3
10.3
10.3
10.3
10.3
10.2
10.2
10.2
10.2
10.2
10.1
10.1
10.1
10.1
10.1
10.1
10.0
10.0
10.0
10.0
10.0
10.0
9.9
9.9
9.9
9.9
9.9
9.9
9.8
9.8
9.8
9.8
9.8
9.8
9.7
9.7
9.7
9.7
9.7
9.7
9.6
9.6
9.6
9.6
9.6
9.5
9.5
9.5
9.5
9.5
9.5
9.4
9.4
9.4
9.4
9.4
9.4
9.3
9.3
9.3
9.3
9.3
9.3
9.2
9.2
9.2
9.2
9.2
9.2
9.1
9.1
9.1
9.1
9.1
9.1
9.0
9.0
9.0
9.0
9.0
9.0
8.9
8.9
8.9
8.9
8.9
8.9
8.8
8.8
8.8
8.8
8.8
8.8
8.7
8.7
8.7
8.7
8.7
8.7
8.6
8.6
8.6
8.6
8.6
8.6
8.5
8.5
8.5
8.5
8.5
8.5
8.4
8.4
8.4
8.4
8.4
8.4
8.3
8.3
8.3
8.3
8.3
8.3
8.2
8.2
8.2
8.2
8.2
8.2
8.1
8.1
8.1
8.1
8.1
8.1
8.0
8.0
8.0
8.0
8.0
8.0
7.9
7.9
7.9
7.9
7.9
7.9
7.8
7.8
7.8
7.8
7.8
7.8
7.7
7.7
7.7
7.7
7.7
7.7
7.6
7.6
7.6
7.6
7.6
7.6
7.5
7.5
7.5
7.5
7.5
7.5
7.4
7.4
7.4
7.4
7.4
7.4
7.3
7.3
7.3
7.3
7.3
7.3
7.2
7.2
7.2
7.2
7.2
7.1
7.1
7.1
7.1
7.1
7.1
7.0
7.0
7.0
7.0
7.0
7.0
6.9
6.9
6.9
6.9
6.9
6.9
6.8
6.8
6.8
6.8
6.8
6.8
6.7
6.7
6.7
6.7
6.7
6.7
6.6
6.6
6.6
6.6
6.6
6.6
6.5
6.5
6.5
6.5
6.5
6.5
6.4
6.4
6.4
6.4
6.4
6.4
6.3
6.3
6.3
6.3
6.3
6.3
6.2
6.2
6.2
6.2
6.2
6.1
6.1
6.1
6.1
6.1
6.1
6.0
6.0
6.0
6.0
6.0
6.0
5.9
5.9
5.9
5.9
5.9
5.9
5.8
5.8
5.8
5.8
5.8
5.8
5.7
5.7
5.7
5.7
5.7
5.7
5.6
5.6
5.6
5.6
5.6
5.5
5.5
5.5
5.5
5.5
5.5
5.4
5.4
5.4
5.4
5.4
5.4
5.3
5.3
5.3
5.3
5.3
5.3
5.2
5.2
5.2
5.2
5.2
5.2
5.1
5.1
5.1
5.1
5.1
5.1
5.0
5.0
5.0
5.0
5.0
4.9
4.9
4.9
4.9
4.9
4.9
4.8
4.8
4.8
4.8
4.8
4.8
4.7
4.7
4.7
4.7
4.7
4.7
4.6
4.6
4.6
4.6
4.6
4.6
4.5
4.5
4.5
4.5
4.5
4.5
4.4
4.4
4.4
4.4
4.4
4.3
4.3
4.3
4.3
4.3
4.3
4.2
4.2
4.2
4.2
4.2
4.2
4.1
4.1
4.1
4.1
4.1
4.1
4.0