Points
59.5	10.30
88.0	28.00
123.7	36.30
165.9	35.90
391.7	24.10
661.7	14.80
834.8	11.70
1115.5	9.30
1274.5	8.50
1408.0	8.00
1836.1	6.70
2614.5	4.70
Line
0.0
0.3
0.6
0.8
1.0
1.1
1.2
1.3
1.4
1.5
1.7
1.8
2.0
2.3
2.6
3.0
3.5
4.1
4.8
5.6
6.6
7.7
8.9
10.3
11.9
13.6
15.4
17.2
19.1
21.0
22.9
24.7
26.4
28.0
29.4
30.7
31.8
32.8
33.6
34.3
35.0
35.5
35.9
36.3
36.6
36.8
37.0
37.2
37.3
37.3
37.3
37.3
37.2
37.1
37.0
36.8
36.7
36.5
36.3
36.1
35.9
35.7
35.5
35.3
35.1
34.9
34.7
34.5
34.4
34.2
34.0
33.8
33.6
33.4
33.2
33.1
32.9
32.7
32.5
32.3
32.2
32.0
31.8
31.6
31.5
31.3
31.1
31.0
30.8
30.6
30.5
30.3
30.1
30.0
29.8
29.7
29.5
29.3
29.2
29.0
28.9
28.7
28.5
28.4
28.2
28.1
27.9
27.8
27.6
27.5
27.3
27.2
27.0
26.9
26.7
26.6
26.5
26.3
26.2
26.0
25.9
25.7
25.6
25.5
25.3
25.2
25.1
24.9
24.8
24.6
24.5
24.4
24.2
24.1
24.0
23.8
23.7
23.6
23.4
23.3
23.2
23.0
22.9
22.8
22.7
22.5
22.4
22.3
22.2
22.0
21.9
21.8
21.7
21.5
21.4
21.3
21.2
21.0
20.9
20.8
20.7
20.6
20.4
20.3
20.2
20.1
20.0
19.9
19.8
19.6
19.5
19.4
19.3
19.2
19.1
19.0
18.9
18.8
18.7
18.5
18.4
18.3
18.2
18.1
18.0
17.9
17.8
17.7
17.6
17.5
17.4
17.3
17.2
17.1
17.0
16.9
16.8
16.7
16.7
16.6
16.5
16.4
16.3
16.2
16.1
16.0
15.9
15.8
15.8
15.7
15.6
15.5
15.4
15.3
15.3
15.2
15.1
15.0
15.0
14.9
14.8
14.7
14.7
14.6
14.5
14.4
14.4
14.3
14.2
14.2
14.1
14.0
14.0
13.9
13.8
13.8
13.7
13.6
13.6
13.5
13.4
13.4
13.3
13.3
13.2
13.2
13.1
13.0
13.0
12.9
12.9
12.8
12.8
12.7
12.7
12.6
12.6
12.5
12.5
12.4
12.4
12.3
12.3
12.2
12.2
12.1
12.1
12.0
12.0
12.0
11.9
11.9
11.8
11.8
11.7
11.7
11.7
11.6
11.6
11.5
11.5
11.5
11.4
11.4
11.3
11.3
11.3
11.2
11.2
11.2
11.1
11.1
11.1
11.0
11.0
11.0
10.9
10.9
10.9
10.8
10.8
10.8
10.7
10.7
10.7
10.7
10.6
10.6
10.6
10.5
10.5
10.5
10.5
10.4
10.4
10.4
10.3
10.3
10.3
10.3
10.2
10.2
10.2
10.2
10.1
10.1
10.1
10.1
10.0
10.0
10.0
10.0
10.0
9.9
9.9
9.9
9.9
9.8
9.8
9.8
9.8
9.8
9.7
9.7
9.7
9.7
9.7
9.6
9.6
9.6
9.6
9.6
9.5
9.5
9.5
9.5
9.5
9.4
9.4
9.4
9.4
9.4
9.4
9.3
9.3
9.3
9.3
9.3
9.2
9.2
9.2
9.2
9.2
9.2
9.1
9.1
9.1
9.1
9.1
9.1
9.0
9.0
9.0
9.0
9.0
9.0
8.9
8.9
8.9
8.9
8.9
8.9
8.8
8.8
8.8
8.8
8.8
8.8
8.7
8.7
8.7
8.7
8.7
8.7
8.7
8.6
8.6
8.6
8.6
8.6
8.6
8.6
8.5
8.5
8.5
8.5
8.5
8.5
8.5
8.4
8.4
8.4
8.4
8.4
8.4
8.4
8.4
8.3
8.3
8.3
8.3
8.3
8.3
8.3
8.2
8.2
8.2
8.2
8.2
8.2
8.2
8.2
8.2
8.1
8.1
8.1
8.1
8.1
8.1
8.1
8.1
8.0
8.0
8.0
8.0
8.0
8.0
8.0
8.0
8.0
7.9
7.9
7.9
7.9
7.9
7.9
7.9
7.9
7.9
7.8
7.8
7.8
7.8
7.8
7.8
7.8
7.8
7.8
7.7
7.7
7.7
7.7
7.7
7.7
7.7
7.7
7.7
7.7
7.6
7.6
7.6
7.6
7.6
7.6
7.6
7.6
7.6
7.6
7.5
7.5
7.5
7.5
7.5
7.5
7.5
7.5
7.5
7.5
7.4
7.4
7.4
7.4
7.4
7.4
7.4
7.4
7.4
7.4
7.4
7.3
7.3
7.3
7.3
7.3
7.3
7.3
7.3
7.3
7.3
7.2
7.2
7.2
7.2
7.2
7.2
7.2
7.2
7.2
7.2
7.2
7.1
7.1
7.1
7.1
7.1
7.1
7.1
7.1
7.1
7.1
7.1
7.1
7.0
7.0
7.0
7.0
7.0
7.0
7.0
7.0
7.0
7.0
7.0
6.9
6.9
6.9
6.9
6.9
6.9
6.9
6.9
6.9
6.9
6.9
6.9
6.8
6.8
6.8
6.8
6.8
6.8
6.8
6.8
6.8
6.8
6.8
6.8
6.7
6.7
6.7
6.7
6.7
6.7
6.7
6.7
6.7
6.7
6.7
6.6
6.6
6.6
6.6
6.6
6.6
6.6
6.6
6.6
6.6
6.6
6.6
6.5
6.5
6.5
6.5
6.5
6.5
6.5
6.5
6.5
6.5
6.5
6.5
6.4
6.4
6.4
6.4
6.4
6.4
6.4
6.4
6.4
6.4
6.4
6.4
6.4
6.3
6.3
6.3
6.3
6.3
6.3
6.3
6.3
6.3
6.3
6.3
6.3
6.2
6.2
6.2
6.2
6.2
6.2
6.2
6.2
6.2
6.2
6.2
6.2
6.1
6.1
6.1
6.1
6.1
6.1
6.1
6.1
6.1
6.1
6.1
6.1
6.0
6.0
6.0
6.0
6.0
6.0
6.0
6.0
6.0
6.0
6.0
6.0
5.9
5.9
5.9
5.9
5.9
5.9
5.9
5.9
5.9
5.9
5.9
5.9
5.9
5.8
5.8
5.8
5.8
5.8
5.8
5.8
5.8
5.8
5.8
5.8
5.8
5.7
5.7
5.7
5.7
5.7
5.7
5.7
5.7
5.7
5.7
5.7
5.7
5.6
5.6
5.6
5.6
5.6
5.6
5.6
5.6
5.6
5.6
5.6
5.6
5.6
5.5
5.5
5.5
5.5
5.5
5.5
5.5
5.5
5.5
5.5
5.5
5.5
5.4
5.4
5.4
5.4
5.4
5.4
5.4
5.4
5.4
5.4
5.4
5.4
5.4
5.3
5.3
5.3
5.3
5.3
5.3
5.3
5.3
5.3
5.3
5.3
5.3
5.2
5.2
5.2
5.2
5.2
5.2
5.2
5.2
5.2
5.2
5.2
5.2
5.2
5.1
5.1
5.1
5.1
5.1
5.1
5.1
5.1
5.1
5.1
5.1
5.1
5.0
5.0
5.0
5.0
5.0
5.0
5.0
5.0
5.0
5.0
5.0
5.0
4.9
4.9
4.9
4.9
4.9
4.9
4.9
4.9
4.9
4.9
4.9
4.9
4.9
4.8
4.8
4.8
4.8
4.8
4.8
4.8
4.8
4.8
4.8
4.8
4.8
4.7
4.7
4.7
4.7
4.7
4.7
4.7
4.7
4.7
4.7
4.7
4.7
4.7
4.6
4.6
4.6
4.6
4.6
4.6
4.6
4.6
4.6
4.6
4.6
4.6
4.5
4.5
4.5
4.5
4.5
4.5
4.5
4.5
4.5
4.5
4.5
4.5
4.4
4.4
4.4
4.4
4.4
4.4
4.4
4.4
4.4
4.4
4.4
4.4
4.4
4.3
4.3
4.3
4.3
4.3
4.3
4.3
4.3
4.3
4.3
4.3
4.3
4.2
4.2
4.2
4.2
4.2
4.2
4.2
4.2
4.2
4.2
4.2
4.2
4.1
4.1
4.1
4.1
4.1
4.1
4.1
4.1
4.1
4.1
4.1
4.1
4.1
4.0
4.0
4.0
4.0
4.0
4.0
4.0
4.0
4.0
4.0
4.0
4.0
3.9
3.9
3.9
3.9
3.9
3.9
3.9
3.9
3.9
3.9
3.9
3.9
3.8
3.8
3.8
3.8
3.8
3.8
3.8
3.8
3.8
3.8
3.8
3.8
3.7
3.7
3.7
3.7
3.7
3.7
3.7
3.7
3.7
3.7
3.7
3.7
3.7
3.6
3.6
3.6
3.6
3.6
3.6
3.6
3.6
3.6
3.6
3.6
3.6
3.5
3.5
3.5
3.5
3.5
3.5
3.5
3.5
3.5
3.5
3.5
3.5
3.4
3.4
3.4
3.4
3.4
3.4
3.4
3.4
3.4
3.4
3.4
3.4
3.4
3.3
3.3
3.3
3.3
3.3
3.3
3.3
3.3
3.3
3.3
3.3
3.3
3.2
3.2
3.2
3.2
3.2
3.2
3.2